0.00067293  -0.0002189  -0.00024134 -0.00011799 -9.4707e-05 0           -1.1259e-05 5.4518e-05  -9.5748e-06 -1.8628e-05 -1.5054e-05 0           -1.6769e-06 1.0051e-05  -5.7595e-06 1.0179e-05  -1.1945e-05 -8.4778e-07 -2.7393e-06 9.7395e-07  1.1125e-05  -3.7072e-06 -6.5426e-06 8.9297e-07  6.409e-06   1.1887e-05  2.3585e-06  1.1523e-05  -4.3284e-05 1.1104e-05  0           -3.3124e-06 7.3503e-07  1.1847e-06  5.0098e-05  -4.8706e-05
-0.0002189  0.00031204  -4.7975e-05 -3.1149e-05 -1.4014e-05 0           9.9636e-06  2.4748e-05  -2.6711e-05 -1.1074e-05 3.0742e-06  0           2.4575e-06  -1.286e-05  2.6466e-05  -9.9429e-06 -7.726e-06  1.6059e-06  -5.3405e-06 -3.6149e-08 -1.8303e-05 3.7535e-05  -1.4461e-05 6.0568e-07  -1.5501e-06 -1.0615e-06 3.2754e-06  -1.1521e-05 1.1764e-05  -9.071e-07  0           5.5058e-06  3.9086e-06  4.3496e-06  2.0103e-05  -3.3867e-05
-0.00024134 -4.7975e-05 0.00027774  -1.5462e-06 1.3119e-05  0           -6.3943e-07 -3.3576e-05 9.0903e-06  1.8842e-05  6.281e-06   0           9.9085e-07  2.9195e-07  1.202e-06   -5.5023e-06 4.1931e-06  -1.176e-06  5.339e-06   -3.3182e-06 3.6709e-06  -1.547e-05  1.1149e-05  -1.3735e-06 -3.6313e-06 -8.007e-06  -2.5009e-06 2.0887e-06  2.3319e-05  -1.1267e-05 0           1.2578e-06  -5.5155e-07 -2.8575e-06 -3.4307e-05 3.646e-05
-0.00011799 -3.1149e-05 -1.5462e-06 0.00015225  -1.5627e-06 0           -2.2897e-07 -1.1665e-05 6.5688e-06  -2.7398e-06 8.064e-06   0           1.4766e-06  -2.4793e-06 -1.0948e-05 3.0322e-06  9.6481e-06  -7.3006e-07 3.4053e-06  3.8014e-06  1.3357e-05  -1.9029e-05 6.8446e-07  -2.2199e-06 6.9731e-07  8.4113e-09  3.0332e-07  -1.7219e-06 -2.452e-06  3.1657e-06  0           -2.2088e-06 -4.0367e-06 7.9494e-06  -2.1577e-06 4.5398e-07
-9.4707e-05 -1.4014e-05 1.3119e-05  -1.5627e-06 9.7165e-05  0           2.1636e-06  -3.4026e-05 2.0627e-05  1.3601e-05  -2.3656e-06 0           -3.2481e-06 4.997e-06   -1.0961e-05 2.2342e-06  5.8296e-06  1.1479e-06  -6.6459e-07 -1.4212e-06 -9.8504e-06 6.7059e-07  9.1702e-06  2.0947e-06  -1.925e-06  -2.8272e-06 -3.4366e-06 -3.6917e-07 1.0653e-05  -2.0954e-06 0           -1.2427e-06 -5.5638e-08 -1.0627e-05 -3.3736e-05 4.5661e-05
0           0           0           0           0           0           0           0           0           0           0           0           0           0           0           0           0           0           0           0           0           0           0           0           0           0           0           0           0           0           0           0           0           0           0           0
-1.1259e-05 9.9636e-06  -6.3943e-07 -2.2897e-07 2.1636e-06  0           0.00012335  -8.4722e-05 -3.1731e-05 -4.8927e-06 -2.0083e-06 0           1.901e-06   -6.3216e-06 1.064e-05   6.2993e-08  -7.1718e-06 8.8913e-07  -2.2835e-06 9.7893e-07  -1.2171e-05 1.1732e-05  2.3678e-06  -6.2463e-07 -1.0105e-07 -5.2596e-07 -1.5291e-06 -6.4111e-06 1.1414e-05  -2.8464e-06 0           -3.4404e-06 6.7076e-06  6.3808e-06  1.3016e-05  -2.2664e-05
5.4518e-05  2.4748e-05  -3.3576e-05 -1.1665e-05 -3.4026e-05 0           -8.4722e-05 0.00038248  -0.00018254 -6.7444e-05 -4.7772e-05 0           -4.2282e-07 -1.5669e-05 4.1204e-05  -1.045e-05  -1.1785e-05 -2.8769e-06 4.6222e-06  1.5938e-06  -6.9735e-06 3.5124e-05  -2.8753e-05 -5.6119e-06 3.5848e-06  2.1334e-06  2.5526e-06  7.1771e-07  -6.3369e-07 -8.3542e-06 0           -6.1335e-07 6.5964e-06  1.2057e-06  2.7948e-05  -3.5137e-05
-9.5748e-06 -2.6711e-05 9.0903e-06  6.5688e-06  2.0627e-05  0           -3.1731e-05 -0.00018254 0.00022623  -6.4662e-06 -5.4864e-06 0           -1.1978e-06 2.6619e-05  -6.1162e-05 1.3483e-05  1.7973e-05  4.2843e-06  -3.6363e-07 9.4232e-07  1.7322e-05  -3.6024e-05 1.3337e-05  4.786e-06   -3.9259e-07 3.1329e-06  2.4566e-06  1.0687e-05  -2.8847e-05 1.2962e-05  0           6.7818e-07  -1.0648e-05 -4.0584e-06 -3.6957e-05 5.0985e-05
-1.8628e-05 -1.1074e-05 1.8842e-05  -2.7398e-06 1.3601e-05  0           -4.8927e-06 -6.7444e-05 -6.4662e-06 8.1459e-05  -2.6566e-06 0           -7.2882e-06 4.2681e-06  5.2401e-06  -1.5926e-06 1.0648e-06  -1.6921e-06 4.0835e-07  -2.9312e-06 2.2918e-07  -1.3261e-05 1.3691e-05  1.8629e-06  -1.2888e-06 -3.7049e-06 -2.5035e-06 1.201e-06   1.07e-05    -4.4032e-06 0           -8.1301e-07 -1.165e-06  -3.5467e-06 -1.9574e-05 2.5099e-05
-1.5054e-05 3.0742e-06  6.281e-06   8.064e-06   -2.3656e-06 0           -2.0083e-06 -4.7772e-05 -5.4864e-06 -2.6566e-06 5.7924e-05  0           7.0082e-06  -8.8959e-06 4.0752e-06  -1.5023e-06 -8.1243e-08 -6.0423e-07 -2.3837e-06 -5.8357e-07 1.593e-06   2.43e-06    -6.4376e-07 -4.1225e-07 -1.8022e-06 -1.0349e-06 -9.7625e-07 -6.1942e-06 7.3651e-06  2.6424e-06  0           4.1886e-06  -1.491e-06  1.8817e-08  1.5569e-05  -1.8285e-05
0           0           0           0           0           0           0           0           0           0           0           0           0           0           0           0           0           0           0           0           0           0           0           0           0           0           0           0           0           0           0           0           0           0           0           0
-1.6769e-06 2.4575e-06  9.9085e-07  1.4766e-06  -3.2481e-06 0           1.901e-06   -4.2282e-07 -1.1978e-06 -7.2882e-06 7.0082e-06  0           3.5216e-05  -1.0281e-05 -1.2236e-05 -8.1421e-06 -5.9496e-06 1.3932e-06  -4.9956e-07 1.7958e-06  -8.6937e-10 1.1852e-05  -1.2396e-05 -7.5145e-07 -4.7177e-08 4.8918e-07  3.1809e-06  -4.9636e-06 -4.4528e-07 1.7857e-06  0           2.8648e-07  1.4696e-06  -2.2917e-06 1.6234e-05  -1.5698e-05
1.0051e-05  -1.286e-05  2.9195e-07  -2.4793e-06 4.997e-06   0           -6.3216e-06 -1.5669e-05 2.6619e-05  4.2681e-06  -8.8959e-06 0           -1.0281e-05 9.1048e-05  -9.0288e-05 2.0922e-06  8.0293e-06  -6.0066e-07 -1.6645e-06 -1.313e-06  6.9966e-06  -1.2799e-05 5.5011e-06  3.2788e-06  9.3095e-07  1.7179e-06  3.2749e-07  1.0145e-05  -2.2325e-05 9.2029e-06  0           2.2559e-06  -4.9981e-06 2.9228e-06  -2.4976e-05 2.4795e-05
-5.7595e-06 2.6466e-05  1.202e-06   -1.0948e-05 -1.0961e-05 0           1.064e-05   4.1204e-05  -6.1162e-05 5.2401e-06  4.0752e-06  0           -1.2236e-05 -9.0288e-05 0.00029361  -0.0001295  -5.7594e-05 -3.9968e-06 7.3605e-06  1.2068e-06  -2.1399e-05 3.5096e-05  -1.5682e-05 -6.5823e-06 -3.2926e-07 -6.0976e-06 -3.8935e-06 -2.2196e-05 6.0663e-05  -2.8146e-05 0           -3.3001e-06 1.8539e-05  4.5584e-06  2.9775e-05  -4.9572e-05
1.0179e-05  -9.9429e-06 -5.5023e-06 3.0322e-06  2.2342e-06  0           6.2993e-08  -1.045e-05  1.3483e-05  -1.5926e-06 -1.5023e-06 0           -8.1421e-06 2.0922e-06  -0.0001295  0.00013004  5.19e-06    3.2344e-07  -3.7163e-06 -1.8735e-07 5.9951e-06  -1.7144e-05 1.2519e-05  2.5341e-06  -3.7567e-08 1.0724e-06  9.5716e-07  1.196e-05   -2.3432e-05 9.4796e-06  0           -9.172e-07  -8.7007e-06 -3.6789e-06 -1.0926e-05 2.4223e-05
-1.1945e-05 -7.726e-06  4.1931e-06  9.6481e-06  5.8296e-06  0           -7.1718e-06 -1.1785e-05 1.7973e-05  1.0648e-06  -8.1243e-08 0           -5.9496e-06 8.0293e-06  -5.7594e-05 5.19e-06    5.1623e-05  -1.2984e-06 -1.2102e-06 -2.4578e-06 1.0772e-05  -1.9211e-05 1.0657e-05  1.4494e-06  -4.1055e-07 1.8564e-06  -1.834e-06  6.0985e-06  -1.3209e-05 7.4985e-06  0           1.9596e-06  -6.1985e-06 2.0214e-07  -1.4304e-05 1.8341e-05
-8.4778e-07 1.6059e-06  -1.176e-06  -7.3006e-07 1.1479e-06  0           8.8913e-07  -2.8769e-06 4.2843e-06  -1.6921e-06 -6.0423e-07 0           1.3932e-06  -6.0066e-07 -3.9968e-06 3.2344e-07  -1.2984e-06 4.1792e-06  -2.6998e-07 9.556e-07   -2.3638e-06 2.2059e-06  -5.9917e-07 7.1529e-08  -1.0641e-07 9.6172e-07  1.262e-06   -1.0444e-06 -1.2529e-06 1.7993e-07  0           -2.8465e-07 -1.1122e-07 -1.7132e-06 4.1976e-06  -2.0886e-06
-2.7393e-06 -5.3405e-06 5.339e-06   3.4053e-06  -6.6459e-07 0           -2.2835e-06 4.6222e-06  -3.6363e-07 4.0835e-07  -2.3837e-06 0           -4.9956e-07 -1.6645e-06 7.3605e-06  -3.7163e-06 -1.2102e-06 -2.6998e-07 1.023e-05   3.7659e-07  2.4233e-07  -6.5555e-06 -3.6129e-06 -6.8093e-07 1.949e-07   -2.4285e-07 4.7945e-07  -1.7037e-07 2.9792e-06  -3.24e-06   0           -2.1739e-07 3.8104e-06  -9.5759e-07 3.3859e-06  -6.0212e-06
9.7395e-07  -3.6149e-08 -3.3182e-06 3.8014e-06  -1.4212e-06 0           9.7893e-07  1.5938e-06  9.4232e-07  -2.9312e-06 -5.8357e-07 0           1.7958e-06  -1.313e-06  1.2068e-06  -1.8735e-07 -2.4578e-06 9.556e-07   3.7659e-07  1.9271e-05  -1.7108e-06 -1.4666e-05 -2.4922e-06 -7.7761e-07 2.6072e-07  -3.8361e-07 1.0111e-06  -3.5664e-06 1.7388e-06  9.3941e-07  0           9.4847e-07  7.0395e-06  3.745e-06   -1.298e-06  -1.0435e-05
1.1125e-05  -1.8303e-05 3.6709e-06  1.3357e-05  -9.8504e-06 0           -1.2171e-05 -6.9735e-06 1.7322e-05  2.2918e-07  1.593e-06   0           -8.6937e-10 6.9966e-06  -2.1399e-05 5.9951e-06  1.0772e-05  -2.3638e-06 2.4233e-07  -1.7108e-06 9.8406e-05  -8.2803e-05 -1.3357e-05 -7.7711e-07 -2.9609e-07 2.2603e-06  -8.1052e-08 8.2147e-06  -1.6155e-05 6.0576e-06  0           1.3037e-06  -7.6472e-06 1.4607e-05  -2.229e-05  1.4026e-05
-3.7072e-06 3.7535e-05  -1.547e-05  -1.9029e-05 6.7059e-07  0           1.1732e-05  3.5124e-05  -3.6024e-05 -1.3261e-05 2.43e-06    0           1.1852e-05  -1.2799e-05 3.5096e-05  -1.7144e-05 -1.9211e-05 2.2059e-06  -6.5555e-06 -1.4666e-05 -8.2803e-05 0.0001834   -7.6335e-05 -3.045e-06  7.4745e-07  -3.6297e-07 5.211e-06   -9.0061e-06 8.3144e-06  -4.9043e-06 0           -1.6343e-06 -2.4281e-06 -1.7634e-05 5.8196e-05  -3.65e-05
-6.5426e-06 -1.4461e-05 1.1149e-05  6.8446e-07  9.1702e-06  0           2.3678e-06  -2.8753e-05 1.3337e-05  1.3691e-05  -6.4376e-07 0           -1.2396e-05 5.5011e-06  -1.5682e-05 1.2519e-05  1.0657e-05  -5.9917e-07 -3.6129e-06 -2.4922e-06 -1.3357e-05 -7.6335e-05 9.7186e-05  -1.3892e-06 -8.0654e-07 -2.1006e-06 -6.6091e-06 2.5016e-06  7.6245e-06  -6.0983e-07 0           -3.4482e-07 1.3018e-06  1.0208e-06  -3.2667e-05 3.069e-05
8.9297e-07  6.0568e-07  -1.3735e-06 -2.2199e-06 2.0947e-06  0           -6.2463e-07 -5.6119e-06 4.786e-06   1.8629e-06  -4.1225e-07 0           -7.5145e-07 3.2788e-06  -6.5823e-06 2.5341e-06  1.4494e-06  7.1529e-08  -6.8093e-07 -7.7761e-07 -7.7711e-07 -3.045e-06  -1.3892e-06 6.67e-06    -1.0032e-07 8.3015e-07  -1.1133e-08 2.0265e-06  -4.5032e-06 1.7578e-06  0           -5.6261e-08 -2.0764e-06 -7.8133e-07 -5.3263e-06 8.2401e-06
6.409e-06   -1.5501e-06 -3.6313e-06 6.9731e-07  -1.925e-06  0           -1.0105e-07 3.5848e-06  -3.9259e-07 -1.2888e-06 -1.8022e-06 0           -4.7177e-08 9.3095e-07  -3.2926e-07 -3.7567e-08 -4.1055e-07 -1.0641e-07 1.949e-07   2.6072e-07  -2.9609e-07 7.4745e-07  -8.0654e-07 -1.0032e-07 5.1862e-06  4.2258e-07  3.3236e-07  4.3764e-07  -6.8101e-06 4.3135e-07  0           -3.0259e-07 1.4748e-06  -3.9448e-07 4.2157e-06  -4.9935e-06
1.1887e-05  -1.0615e-06 -8.007e-06  8.4113e-09  -2.8272e-06 0           -5.2596e-07 2.1334e-06  3.1329e-06  -3.7049e-06 -1.0349e-06 0           4.8918e-07  1.7179e-06  -6.0976e-06 1.0724e-06  1.8564e-06  9.6172e-07  -2.4285e-07 -3.8361e-07 2.2603e-06  -3.6297e-07 -2.1006e-06 8.3015e-07  4.2258e-07  9.0132e-06  1.1418e-06  -1.7337e-07 -1.246e-05  2.0554e-06  0           1.3128e-07  -3.5949e-06 -1.1148e-06 8.4213e-06  -3.843e-06
2.3585e-06  3.2754e-06  -2.5009e-06 3.0332e-07  -3.4366e-06 0           -1.5291e-06 2.5526e-06  2.4566e-06  -2.5035e-06 -9.7625e-07 0           3.1809e-06  3.2749e-07  -3.8935e-06 9.5716e-07  -1.834e-06  1.262e-06   4.7945e-07  1.0111e-06  -8.1052e-08 5.211e-06   -6.6091e-06 -1.1133e-08 3.3236e-07  1.1418e-06  1.6824e-05  -3.5036e-06 -1.6491e-05 1.6967e-06  0           -8.1098e-07 2.3233e-06  -1.0418e-06 1.4992e-05  -1.5462e-05
1.1523e-05  -1.1521e-05 2.0887e-06  -1.7219e-06 -3.6917e-07 0           -6.4111e-06 7.1771e-07  1.0687e-05  1.201e-06   -6.1942e-06 0           -4.9636e-06 1.0145e-05  -2.2196e-05 1.196e-05   6.0985e-06  -1.0444e-06 -1.7037e-07 -3.5664e-06 8.2147e-06  -9.0061e-06 2.5016e-06  2.0265e-06  4.3764e-07  -1.7337e-07 -3.5036e-06 6.6932e-05  -6.2385e-05 -1.3074e-06 0           2.85e-07    -4.7196e-06 2.009e-06   -3.7115e-05 3.954e-05
-4.3284e-05 1.1764e-05  2.3319e-05  -2.452e-06  1.0653e-05  0           1.1414e-05  -6.3369e-07 -2.8847e-05 1.07e-05    7.3651e-06  0           -4.4528e-07 -2.2325e-05 6.0663e-05  -2.3432e-05 -1.3209e-05 -1.2529e-06 2.9792e-06  1.7388e-06  -1.6155e-05 8.3144e-06  7.6245e-06  -4.5032e-06 -6.8101e-06 -1.246e-05  -1.6491e-05 -6.2385e-05 0.00013644  -3.8292e-05 0           1.1895e-08  1.0721e-05  -1.9199e-06 -2.4544e-06 -6.3583e-06
1.1104e-05  -9.071e-07  -1.1267e-05 3.1657e-06  -2.0954e-06 0           -2.8464e-06 -8.3542e-06 1.2962e-05  -4.4032e-06 2.6424e-06  0           1.7857e-06  9.2029e-06  -2.8146e-05 9.4796e-06  7.4985e-06  1.7993e-07  -3.24e-06   9.3941e-07  6.0576e-06  -4.9043e-06 -6.0983e-07 1.7578e-06  4.3135e-07  2.0554e-06  1.6967e-06  -1.3074e-06 -3.8292e-05 3.5415e-05  0           6.8583e-07  -6.2042e-06 2.462e-06   1.1941e-05  -8.8849e-06
0           0           0           0           0           0           0           0           0           0           0           0           0           0           0           0           0           0           0           0           0           0           0           0           0           0           0           0           0           0           0           0           0           0           0           0
-3.3124e-06 5.5058e-06  1.2578e-06  -2.2088e-06 -1.2427e-06 0           -3.4404e-06 -6.1335e-07 6.7818e-07  -8.1301e-07 4.1886e-06  0           2.8648e-07  2.2559e-06  -3.3001e-06 -9.172e-07  1.9596e-06  -2.8465e-07 -2.1739e-07 9.4847e-07  1.3037e-06  -1.6343e-06 -3.4482e-07 -5.6261e-08 -3.0259e-07 1.3128e-07  -8.1098e-07 2.85e-07    1.1895e-08  6.8583e-07  0           2.4708e-05  -4.2435e-06 -1.8768e-06 -7.9711e-06 -1.0616e-05
7.3503e-07  3.9086e-06  -5.5155e-07 -4.0367e-06 -5.5638e-08 0           6.7076e-06  6.5964e-06  -1.0648e-05 -1.165e-06  -1.491e-06  0           1.4696e-06  -4.9981e-06 1.8539e-05  -8.7007e-06 -6.1985e-06 -1.1122e-07 3.8104e-06  7.0395e-06  -7.6472e-06 -2.4281e-06 1.3018e-06  -2.0764e-06 1.4748e-06  -3.5949e-06 2.3233e-06  -4.7196e-06 1.0721e-05  -6.2042e-06 0           -4.2435e-06 0.00011744  7.0054e-06  -5.6042e-05 -6.416e-05
1.1847e-06  4.3496e-06  -2.8575e-06 7.9494e-06  -1.0627e-05 0           6.3808e-06  1.2057e-06  -4.0584e-06 -3.5467e-06 1.8817e-08  0           -2.2917e-06 2.9228e-06  4.5584e-06  -3.6789e-06 2.0214e-07  -1.7132e-06 -9.5759e-07 3.745e-06   1.4607e-05  -1.7634e-05 1.0208e-06  -7.8133e-07 -3.9448e-07 -1.1148e-06 -1.0418e-06 2.009e-06   -1.9199e-06 2.462e-06   0           -1.8768e-06 7.0054e-06  0.00022383  -0.00012478 -0.00010418
5.0098e-05  2.0103e-05  -3.4307e-05 -2.1577e-06 -3.3736e-05 0           1.3016e-05  2.7948e-05  -3.6957e-05 -1.9574e-05 1.5569e-05  0           1.6234e-05  -2.4976e-05 2.9775e-05  -1.0926e-05 -1.4304e-05 4.1976e-06  3.3859e-06  -1.298e-06  -2.229e-05  5.8196e-05  -3.2667e-05 -5.3263e-06 4.2157e-06  8.4213e-06  1.4992e-05  -3.7115e-05 -2.4544e-06 1.1941e-05  0           -7.9711e-06 -5.6042e-05 -0.00012478 0.0010559   -0.00086707
-4.8706e-05 -3.3867e-05 3.646e-05   4.5398e-07  4.5661e-05  0           -2.2664e-05 -3.5137e-05 5.0985e-05  2.5099e-05  -1.8285e-05 0           -1.5698e-05 2.4795e-05  -4.9572e-05 2.4223e-05  1.8341e-05  -2.0886e-06 -6.0212e-06 -1.0435e-05 1.4026e-05  -3.65e-05   3.069e-05   8.2401e-06  -4.9935e-06 -3.843e-06  -1.5462e-05 3.954e-05   -6.3583e-06 -8.8849e-06 0           -1.0616e-05 -6.416e-05  -0.00010418 -0.00086707 0.001046
